412 408 411 407 409 409 402 416 402 414 407 410 411 414 414 413 399 414 414 412 417 401 416 409 402 406 431 394 422 396 428 402 419 401 408 427 410 423 405 418 398 401 398 394 400 414 395 402 422 391 401 393 411 412 407 414 413 390 405 426 409 409 426 419 
416 401 404 416 404 408 409 405 420 403 399 407 414 397 405 411 389 415 433 409 399 402 400 413 409 410 409 398 408 409 411 420 403 417 395 397 400 401 417 417 411 404 405 404 400 401 405 389 415 410 418 408 427 410 415 419 403 389 415 408 420 420 422 428 
408 390 396 416 407 413 406 416 403 405 405 401 402 415 394 413 404 417 409 418 408 419 406 411 410 414 411 392 395 421 409 419 415 388 411 412 403 421 395 425 392 409 405 429 408 417 419 395 436 414 403 420 422 425 423 403 406 404 417 419 401 404 415 401 
418 407 415 414 411 407 424 411 407 420 429 402 402 399 400 416 423 405 395 408 398 418 416 400 412 388 423 404 413 405 403 420 420 423 412 406 413 426 419 421 408 407 416 404 421 400 412 420 423 417 406 392 403 417 404 410 413 393 409 418 387 407 412 409 
424 409 416 422 418 409 396 407 413 402 406 416 404 406 398 414 423 411 411 405 398 406 413 411 412 408 401 399 409 399 400 408 416 420 414 416 415 418 412 413 410 401 394 416 400 419 404 398 405 415 397 398 405 415 404 404 407 408 412 406 416 410 399 401 
412 390 418 422 402 418 416 417 404 405 415 408 420 405 405 407 406 405 410 413 409 397 421 430 402 413 409 409 402 403 427 399 414 413 412 409 399 404 404 419 419 407 408 398 422 408 410 407 391 406 412 407 398 396 418 425 404 403 413 412 416 408 399 399 
418 413 396 397 412 401 429 407 404 414 412 398 396 402 406 414 418 425 393 393 411 418 407 410 418 417 418 404 387 406 400 423 403 414 433 392 410 420 400 404 415 419 417 412 413 393 395 411 425 418 425 421 390 413 418 397 422 405 394 407 402 409 415 410 
425 404 403 407 410 408 405 405 402 410 402 412 400 415 425 409 402 414 411 413 406 414 419 430 416 383 413 418 408 397 400 417 425 417 412 402 401 402 419 408 399 401 404 422 418 408 405 428 421 404 419 404 417 403 406 407 418 420 394 401 421 410 421 402 
407 406 414 422 410 399 405 420 418 396 423 411 400 410 416 406 408 409 401 409 411 413 423 429 411 410 413 410 408 422 424 406 418 410 405 404 407 397 405 416 396 398 404 394 408 394 419 420 411 412 409 403 417 423 405 413 407 417 394 408 409 398 421 410 
410 413 412 401 412 405 430 425 420 402 399 412 411 407 412 401 417 400 394 393 395 415 414 409 406 404 416 418 394 411 414 416 402 403 414 413 429 422 410 396 405 414 411 399 408 427 427 424 417 403 403 424 416 428 403 398 400 417 411 406 402 417 412 403 
414 423 400 406 430 422 415 400 387 416 393 399 411 412 424 410 420 403 409 402 397 412 413 407 407 397 409 401 427 406 419 410 409 432 407 409 411 405 399 400 406 397 415 410 412 424 402 411 409 407 395 400 396 412 408 399 403 381 400 407 412 410 418 408 
405 411 396 408 400 400 396 402 413 406 394 400 408 405 401 398 407 398 397 419 399 410 404 400 407 409 406 408 418 407 416 411 389 403 415 400 428 416 402 425 429 398 404 409 402 410 392 416 415 408 424 411 414 410 407 400 410 412 406 415 416 413 410 416 
422 431 389 405 409 408 420 409 400 414 418 409 408 400 424 431 414 397 407 416 402 425 412 417 413 405 408 406 411 419 409 409 399 422 407 400 405 418 402 400 406 394 409 401 419 404 404 394 408 413 405 412 397 419 396 414 403 400 411 400 398 425 417 414 
424 409 401 416 405 409 421 408 408 416 415 384 399 396 417 402 402 422 399 392 410 402 405 402 405 416 398 394 408 428 410 399 415 396 400 424 390 404 418 410 403 394 418 412 408 421 419 404 412 411 415 417 403 397 394 405 412 407 399 410 396 399 414 412 
408 415 403 418 399 405 404 417 395 411 397 412 418 415 397 404 414 429 405 413 424 400 417 407 410 406 408 423 402 406 417 395 401 413 395 405 413 407 411 408 393 408 402 414 411 425 412 413 392 411 415 404 421 401 426 421 416 402 415 424 422 393 428 416 
399 426 409 418 412 399 401 414 411 400 418 412 409 428 413 418 420 406 408 424 394 406 421 416 418 411 410 425 405 401 412 430 393 414 403 399 413 402 414 404 396 399 408 396 392 414 400 392 399 412 409 408 419 409 412 429 403 423 408 409 420 410 416 416 
403 415 408 401 408 398 406 401 406 401 394 408 392 413 402 416 405 420 399 404 403 410 408 411 410 390 415 412 408 397 407 423 394 412 404 418 399 402 418 424 408 418 410 403 413 435 414 406 420 416 400 421 410 413 401 416 409 422 393 417 407 423 409 420 
415 397 400 426 412 413 408 400 422 410 409 407 422 407 409 396 417 421 427 410 415 403 407 415 415 422 429 397 407 405 393 409 414 413 422 416 409 404 404 416 397 411 399 394 421 410 401 412 419 417 419 420 409 410 410 400 392 420 415 405 411 414 415 420 
407 408 407 410 418 420 406 409 433 401 411 412 419 399 425 411 426 396 395 392 413 414 408 408 415 418 398 417 416 420 415 400 419 406 413 415 407 392 414 401 426 416 412 404 425 403 388 396 389 413 389 391 406 411 399 415 414 393 404 395 398 404 415 399 
415 411 423 416 416 407 411 408 399 420 418 401 426 403 417 416 399 422 423 399 419 410 409 425 408 416 411 405 403 418 395 418 395 401 416 423 404 410 413 410 415 431 411 419 414 412 411 400 416 396 417 415 401 429 393 403 402 397 408 409 400 399 422 414 
399 420 413 413 404 412 419 405 407 426 435 401 398 411 407 404 413 412 424 414 410 423 405 427 409 427 409 406 392 414 412 411 414 415 411 410 414 410 398 416 417 399 417 412 395 404 408 404 404 418 411 397 410 427 412 406 409 416 417 402 404 421 399 404 
421 402 418 415 393 399 416 417 415 407 411 407 410 416 402 402 411 412 410 404 420 408 396 425 400 413 417 417 409 414 411 383 411 412 399 407 407 419 415 433 409 412 410 413 422 399 392 426 400 416 396 407 414 404 399 406 416 401 415 406 409 416 418 410 
411 397 408 402 418 405 405 417 415 397 410 412 412 403 399 412 427 410 419 427 405 403 421 410 415 409 414 413 416 422 399 401 408 404 399 399 406 402 408 399 406 419 410 409 404 407 396 391 391 424 411 420 396 412 421 416 419 398 410 407 415 401 423 418 
415 409 406 404 406 398 399 414 417 413 394 409 394 405 404 401 414 425 425 409 420 411 420 410 420 402 405 412 417 409 401 416 410 398 417 397 413 397 403 420 388 403 418 387 405 394 418 412 408 414 408 406 418 415 426 398 404 409 398 404 419 404 402 404 
412 413 402 408 404 403 416 406 411 406 420 419 403 423 403 409 399 404 409 410 404 404 416 421 408 415 411 417 382 403 424 423 417 427 408 414 403 410 410 413 413 420 413 408 414 403 390 402 403 416 417 398 415 400 421 397 398 397 417 414 392 412 402 412 
412 405 412 405 425 409 424 415 420 416 408 411 394 403 416 409 407 419 410 402 405 397 406 406 398 411 416 385 402 396 416 416 411 421 405 402 406 409 409 394 389 417 426 414 402 419 402 395 396 403 399 407 411 416 408 432 399 404 414 414 412 403 403 408 
421 413 411 404 403 420 395 394 409 404 409 416 422 416 418 400 401 408 415 418 424 408 419 396 397 420 407 398 408 408 424 414 411 388 414 416 398 402 402 397 414 418 416 424 424 408 425 414 401 409 403 423 409 404 413 401 410 407 411 411 407 395 408 411 
422 411 423 403 418 386 400 411 417 393 410 403 416 413 406 420 409 418 410 411 392 406 413 413 410 420 413 420 404 415 422 402 418 412 402 397 426 419 403 420 401 422 427 410 414 420 407 423 414 408 405 404 404 412 404 415 409 406 416 413 412 417 406 413 
404 412 406 413 408 409 409 418 410 387 417 433 407 402 398 388 398 411 425 421 395 401 414 416 417 401 413 428 417 395 398 430 407 414 418 408 419 416 426 403 400 401 420 404 403 419 415 407 414 407 421 403 405 417 404 419 418 412 419 403 405 414 411 413 
408 410 408 410 405 401 415 396 403 408 406 414 413 407 398 403 415 413 414 390 407 406 415 423 417 402 406 396 427 402 411 416 409 396 412 408 415 435 422 405 406 410 414 410 422 417 421 398 403 420 413 421 410 416 400 419 424 416 394 410 410 425 421 412 
411 405 424 417 418 383 427 404 411 409 418 402 415 406 398 411 412 400 417 404 415 399 406 418 419 408 407 428 400 411 422 426 412 411 407 419 421 413 411 407 405 405 423 398 410 412 433 409 411 406 418 422 411 418 414 412 406 405 419 412 404 410 411 409 
411 388 412 413 404 391 398 408 422 403 425 404 410 398 393 425 415 403 410 419 403 405 416 425 403 417 410 399 413 408 397 403 422 401 409 418 394 407 421 416 401 417 410 409 408 403 428 415 421 406 401 396 404 399 403 411 408 420 414 398 407 412 407 405 
396 404 393 403 425 418 396 401 422 394 398 402 407 408 412 423 420 418 409 405 412 425 412 429 411 401 402 413 414 421 420 413 399 408 410 405 414 420 404 403 393 425 391 410 421 415 407 382 397 403 407 412 410 408 398 411 398 427 412 417 407 429 394 418 
420 401 399 413 418 403 412 420 402 408 409 422 418 407 405 407 400 410 404 416 408 402 425 434 421 427 407 398 411 410 416 396 409 408 427 409 406 404 418 401 414 417 416 407 403 409 410 414 412 399 409 423 415 407 399 400 413 401 422 431 419 426 408 403 
410 405 405 407 409 401 407 403 400 413 409 412 417 411 418 414 410 407 406 413 418 398 413 399 402 401 402 426 408 412 395 408 403 409 402 406 416 400 418 410 419 402 408 405 406 411 421 417 412 424 410 413 410 420 422 408 426 418 407 417 416 398 415 414 
402 421 417 418 415 420 402 414 418 404 413 413 401 424 399 383 421 420 410 417 400 422 421 406 412 413 407 410 399 405 404 403 413 406 411 396 423 426 406 410 402 407 397 401 399 399 410 411 397 436 397 427 406 404 408 425 403 412 417 403 421 420 415 407 
419 406 415 400 414 416 418 408 394 399 404 418 405 417 426 398 393 400 406 419 408 424 419 407 403 410 392 400 412 416 399 422 418 424 408 414 416 409 417 413 401 409 392 421 409 412 406 416 403 407 395 409 423 384 418 419 411 398 400 404 421 383 396 400 
401 424 396 417 399 405 403 391 391 414 399 389 413 410 399 411 415 425 398 391 416 417 411 402 405 401 409 415 406 412 410 407 412 399 407 417 416 408 426 413 418 403 413 405 415 408 409 410 405 407 399 418 410 397 401 401 415 409 410 414 416 391 405 419 
409 409 413 407 400 397 406 411 411 417 390 409 417 414 410 398 417 404 399 406 411 407 420 400 401 402 421 395 395 389 411 408 415 418 411 410 414 414 407 398 414 412 403 406 412 400 428 416 412 403 416 404 417 414 417 408 414 409 392 418 409 424 417 409 
405 415 420 426 405 407 410 420 413 414 414 410 413 403 414 410 417 431 405 390 400 415 407 420 385 415 414 410 407 400 417 405 407 396 421 415 406 425 421 417 390 410 398 418 422 419 410 413 414 428 416 415 393 435 414 420 410 398 420 406 400 406 408 417 
413 406 398 387 395 399 395 419 425 406 411 418 423 414 412 400 427 421 403 419 412 407 407 427 404 402 405 405 406 396 393 415 401 419 407 418 410 414 406 413 407 409 414 402 422 401 409 419 410 423 397 413 412 418 424 410 418 400 405 421 404 420 422 415 
407 389 425 395 409 414 402 411 415 421 414 418 420 406 417 409 395 431 413 398 408 412 389 421 395 404 403 420 427 401 410 408 406 401 400 415 407 414 419 404 401 409 403 393 411 400 402 406 406 407 414 400 421 427 419 402 395 402 412 414 402 417 405 408 
403 394 409 387 406 406 392 408 425 394 414 405 412 425 417 409 412 421 402 407 404 392 404 390 411 401 417 398 417 406 391 415 402 417 411 419 398 423 421 403 396 406 413 412 414 397 412 405 417 418 417 401 416 406 410 392 424 422 395 414 417 406 419 400 
412 410 406 401 414 394 395 428 408 415 408 406 429 408 417 404 405 419 398 423 400 409 426 391 424 419 406 402 410 407 413 398 396 407 422 406 418 418 403 409 415 404 411 415 407 412 409 400 408 399 406 401 408 407 409 420 388 419 409 415 420 399 402 407 
407 413 410 393 413 407 423 400 425 424 403 411 404 428 398 409 406 409 400 417 411 406 407 409 399 415 418 414 403 421 404 425 403 412 410 409 408 424 414 413 417 404 400 417 402 425 419 417 410 411 392 393 417 429 407 398 413 413 415 409 400 411 411 413 
401 425 395 410 411 398 399 406 406 424 403 418 419 417 396 409 408 420 397 416 414 411 407 417 415 405 422 398 409 415 418 410 397 413 418 401 420 421 410 393 414 401 408 405 415 418 402 432 415 411 404 411 401 424 407 419 402 401 413 408 418 407 407 423 
405 407 404 408 416 407 405 413 418 422 395 407 400 402 408 414 409 406 399 409 412 419 407 395 424 399 416 413 409 423 406 420 405 409 406 406 404 414 424 419 408 411 402 398 413 408 413 404 396 415 417 414 399 410 402 407 403 424 398 431 414 421 409 412 
412 401 424 404 403 427 419 401 406 421 403 403 410 408 412 425 417 406 418 413 405 410 417 404 423 420 403 426 413 399 413 407 419 409 409 416 407 399 418 414 413 430 399 405 404 413 416 416 416 409 419 421 409 402 400 408 416 424 416 423 405 425 416 400 
410 419 412 412 392 416 398 425 420 407 418 418 407 413 415 402 406 419 409 402 432 399 413 423 400 412 408 403 406 413 416 396 394 394 411 408 419 402 411 410 395 428 399 427 418 404 414 405 427 394 414 407 406 411 416 410 425 394 421 414 388 433 419 419 
414 405 406 411 411 412 441 418 415 419 412 402 410 410 412 401 410 395 411 418 414 405 408 430 407 417 410 391 412 395 418 408 416 394 412 399 425 401 413 409 414 402 413 392 421 402 398 394 403 399 412 401 385 398 396 416 421 396 408 419 401 412 419 415 
395 430 416 416 428 424 408 412 396 409 412 402 402 407 412 412 400 406 411 400 401 402 412 405 396 412 418 411 418 399 413 407 419 405 411 409 400 422 403 410 414 418 413 384 403 402 419 403 404 413 403 412 404 392 401 401 425 413 389 408 421 410 407 405 
408 409 416 415 415 416 430 392 400 390 397 427 400 407 422 400 417 413 409 396 415 405 408 417 406 402 417 411 415 404 418 403 428 400 404 413 405 410 415 415 427 410 424 401 401 430 414 406 425 388 404 416 402 409 418 403 415 411 406 390 414 412 401 420 
404 399 410 413 419 414 402 416 397 399 420 428 419 410 412 412 416 408 410 404 419 391 402 411 396 411 397 414 409 417 407 407 408 418 405 416 412 430 408 417 400 402 417 406 406 413 404 394 405 410 431 424 414 424 400 415 406 394 410 402 399 401 419 406 
390 412 410 411 417 413 412 435 422 412 413 412 422 404 407 421 405 390 422 405 397 396 407 406 407 400 418 410 416 421 408 424 417 425 398 399 413 418 419 395 410 393 413 403 390 398 415 416 407 422 409 407 419 413 409 404 418 397 421 411 409 399 404 412 
415 404 405 417 412 396 413 408 404 398 414 402 400 427 403 404 424 400 400 417 418 421 406 405 420 417 418 411 412 403 414 413 413 390 402 402 418 408 420 407 406 415 420 406 415 417 393 414 418 404 413 401 409 412 410 413 399 408 394 415 411 400 402 404 
400 415 423 408 394 413 406 422 391 419 401 411 415 415 424 398 413 418 394 403 425 400 402 412 420 421 413 406 421 388 407 404 411 429 402 393 414 409 413 417 428 398 406 422 422 407 406 409 409 413 422 420 412 409 400 411 401 396 389 398 414 409 403 413 
388 400 407 412 426 418 397 410 399 400 401 399 414 409 409 419 400 425 404 399 423 399 416 427 397 405 407 417 394 414 403 405 409 406 402 420 431 398 420 403 410 424 408 407 389 410 401 423 425 415 422 403 409 415 429 413 424 395 408 418 422 410 394 410 
425 417 404 407 413 411 398 412 418 402 414 415 405 413 408 403 423 405 416 412 402 409 411 405 421 403 400 403 410 397 413 421 421 425 414 411 405 410 402 403 406 407 400 411 395 412 397 423 421 403 405 413 422 406 388 401 415 420 403 408 413 397 413 398 
420 405 412 405 413 408 407 408 397 413 407 415 406 405 414 401 417 415 413 420 408 417 420 398 420 421 409 420 404 413 406 397 410 411 411 411 400 411 412 396 425 406 425 403 419 416 409 409 419 403 416 411 413 418 409 417 405 421 403 412 395 425 405 410 
412 399 405 393 398 396 407 409 408 400 411 391 417 397 414 419 426 398 410 418 413 418 408 416 408 421 391 401 421 413 420 416 412 400 407 418 411 409 402 421 410 405 396 407 403 403 409 418 400 414 402 406 420 415 402 426 397 410 414 410 382 418 402 406 
418 395 424 414 431 418 414 399 402 430 409 413 410 414 403 409 414 402 401 413 406 409 411 398 401 418 424 411 424 416 424 398 407 397 417 407 415 413 415 408 414 402 400 402 406 406 396 413 403 428 404 428 429 406 408 414 421 405 416 408 413 410 394 415 
407 402 414 414 399 408 400 402 399 405 412 416 412 409 410 411 411 403 409 426 402 419 394 402 401 398 428 407 418 408 418 415 429 394 416 403 426 413 419 410 420 405 400 423 421 421 389 410 418 425 400 407 399 412 411 406 422 417 407 413 410 405 421 405 
393 427 420 429 399 410 405 426 395 403 398 414 412 415 417 421 406 410 399 403 408 405 412 401 413 416 403 412 400 408 405 400 409 422 403 417 419 401 425 404 397 420 399 414 409 421 408 403 406 407 407 396 407 414 411 405 397 419 414 412 411 397 442 423 
406 421 392 383 411 396 411 408 401 403 413 413 410 424 415 395 409 414 396 405 408 423 406 416 397 407 394 401 389 396 409 422 411 404 424 423 409 417 428 387 413 424 389 406 414 407 409 401 393 416 411 420 384 412 416 403 418 391 416 414 424 394 419 407 
